0:
..#
.##
###

1:
..#
###
###

2:
..#
.##
##.

3:
##.
.##
###

4:
#.#
###
#.#

5:
###
#.#
#.#

36x37: 29 22 22 22 27 21
39x49: 45 50 50 61 42 46
38x38: 54 29 41 42 25 35
50x48: 44 34 50 37 41 49
49x36: 36 46 47 47 46 49
35x38: 25 21 15 24 20 27
43x43: 55 46 38 45 47 52
47x39: 43 47 41 55 42 52
45x46: 55 45 64 62 49 47
36x39: 32 27 34 42 38 42
43x45: 30 31 37 34 44 33
35x40: 19 24 28 29 20 22
45x43: 40 45 26 33 37 29
49x48: 47 42 52 40 32 42
50x43: 44 36 31 39 37 37
46x47: 34 32 29 38 47 44
39x47: 47 40 46 51 48 50
47x35: 19 21 29 41 27 27
39x41: 42 35 47 46 40 38
41x38: 31 45 38 41 33 50
44x46: 50 55 57 44 53 54
37x44: 31 27 32 27 24 27
43x36: 26 25 39 30 18 29
37x35: 31 32 33 37 31 35
50x45: 53 47 66 55 72 55
36x45: 39 43 37 46 40 43
41x47: 31 35 31 33 40 24
39x46: 40 39 26 28 32 30
37x40: 42 41 29 35 41 38
42x38: 30 24 32 33 27 22
36x48: 48 39 42 47 44 46
36x50: 30 28 30 31 24 49
45x50: 55 58 64 50 61 60
39x37: 24 29 27 29 17 29
36x41: 35 36 42 40 39 36
38x46: 46 51 36 56 48 30
42x48: 59 47 60 48 49 51
39x37: 43 44 33 43 40 19
39x44: 41 37 65 38 48 41
43x41: 25 35 33 28 23 37
35x50: 45 42 53 49 34 49
36x48: 38 29 36 30 30 28
41x40: 33 48 38 47 53 31
49x41: 32 33 37 30 32 44
43x48: 38 40 34 37 35 40
39x42: 34 29 32 34 33 19
50x42: 33 45 47 32 27 39
40x46: 32 26 26 42 37 32
36x45: 39 50 37 44 42 36
43x36: 38 43 32 39 48 36
40x49: 48 54 56 53 40 52
40x46: 39 54 47 47 47 48
37x35: 22 21 27 21 16 25
44x41: 59 41 58 39 39 47
45x38: 49 34 44 50 48 39
38x35: 16 26 21 22 25 22
39x39: 43 36 40 34 40 42
43x36: 44 41 32 44 37 39
42x38: 48 47 42 35 40 35
38x38: 22 16 23 32 22 28
35x42: 39 37 39 31 40 41
46x40: 30 42 25 29 33 35
41x41: 28 47 51 53 38 42
48x41: 35 47 25 28 39 34
48x45: 52 61 44 53 59 60
50x47: 42 46 45 42 42 23
40x48: 28 37 33 39 24 47
36x49: 53 50 50 42 37 42
43x36: 26 29 27 32 29 25
48x46: 55 51 64 57 59 56
35x41: 34 36 35 26 41 48
38x43: 42 42 47 44 41 37
46x49: 47 60 52 58 60 67
35x49: 26 21 36 31 29 33
43x38: 31 35 21 22 34 25
36x37: 23 30 17 36 16 22
36x40: 35 36 39 35 29 48
47x41: 34 37 28 30 33 33
41x49: 42 31 35 37 33 30
41x35: 36 30 40 42 45 29
36x48: 36 50 41 37 48 52
48x38: 60 44 41 52 42 42
38x40: 21 28 20 30 29 28
43x42: 32 24 29 45 38 27
35x42: 26 34 29 24 20 21
48x47: 59 51 53 60 56 67
43x39: 24 31 35 32 27 32
37x46: 21 38 22 31 28 40
37x39: 25 22 35 26 31 17
42x43: 36 33 29 28 31 39
49x35: 47 53 39 37 38 49
35x35: 22 22 18 19 16 24
48x37: 33 64 50 41 35 50
44x42: 39 37 27 32 26 34
43x50: 34 36 44 41 35 34
40x39: 29 31 24 29 29 27
36x50: 25 31 30 35 36 35
42x50: 30 34 38 47 32 42
42x43: 34 40 30 28 30 34
49x38: 38 47 47 43 46 64
42x44: 48 34 27 33 24 30
46x49: 45 38 30 36 37 53
49x48: 64 69 54 56 53 65
44x43: 47 48 41 55 48 50
44x41: 52 53 47 43 43 41
45x48: 49 54 64 46 62 59
46x37: 30 22 33 36 30 28
39x43: 45 43 41 41 48 40
39x42: 39 29 25 24 30 35
35x49: 32 28 31 29 24 32
36x40: 27 22 25 32 33 17
42x40: 26 28 32 31 30 35
40x38: 33 41 45 32 42 42
50x47: 40 41 35 40 43 40
37x45: 26 32 33 33 27 28
50x41: 31 39 38 26 34 39
36x41: 32 37 32 49 46 29
41x38: 41 37 39 41 36 46
46x43: 42 59 57 57 49 41
44x40: 37 30 28 33 27 27
41x37: 23 29 20 22 28 33
35x48: 31 31 32 20 33 28
43x43: 30 25 41 36 25 39
46x47: 60 54 53 57 49 60
35x44: 21 28 31 31 19 23
47x44: 63 56 47 42 46 64
45x47: 30 37 37 52 38 31
41x49: 37 34 30 39 39 29
50x41: 34 35 32 31 32 44
46x41: 30 34 32 36 33 30
39x46: 35 40 40 60 49 49
44x37: 38 35 41 49 42 45
42x48: 51 49 50 66 48 46
46x37: 37 23 45 29 25 21
39x35: 43 31 47 33 32 29
40x47: 33 36 37 31 28 29
37x42: 28 41 27 28 23 20
48x48: 45 46 42 40 39 43
46x41: 50 53 42 52 43 49
45x43: 30 33 41 32 33 40
36x41: 18 22 34 27 25 29
48x44: 63 48 49 58 55 52
49x45: 38 32 39 38 49 44
50x46: 43 32 40 42 49 34
44x42: 49 50 51 45 45 46
35x47: 28 25 25 24 24 39
49x46: 66 64 67 55 47 52
40x48: 44 29 35 37 24 39
46x35: 34 46 45 37 47 39
36x42: 23 35 28 33 24 24
48x35: 30 29 26 30 33 28
44x48: 45 44 39 34 31 31
38x41: 40 47 37 34 47 34
39x48: 51 57 49 37 40 55
35x48: 31 42 20 27 26 29
45x40: 40 27 29 35 28 35
44x36: 24 28 38 34 19 24
40x45: 25 46 37 26 27 34
36x36: 30 28 29 41 36 34
39x39: 33 36 41 45 36 43
41x35: 26 25 25 24 23 19
48x45: 58 58 59 50 61 48
49x38: 52 50 47 58 41 39
49x39: 29 32 29 41 45 32
46x42: 34 34 29 35 34 44
35x45: 20 27 32 36 30 19
45x37: 21 47 49 42 45 51
39x47: 35 27 30 23 34 45
48x41: 51 46 64 48 50 48
46x48: 41 40 38 31 39 50
35x40: 25 28 18 31 17 23
46x36: 42 23 33 23 30 29
49x45: 37 46 47 36 38 36
40x45: 59 43 46 43 46 42
47x46: 46 40 37 29 26 46
46x41: 62 46 43 44 52 44
43x39: 41 30 27 28 22 34
44x44: 44 52 59 49 51 45
42x43: 37 28 41 26 34 29
37x50: 54 42 52 50 40 49
44x36: 36 37 39 37 52 42
44x42: 37 54 51 47 49 46
44x39: 39 45 42 54 41 42
38x39: 29 31 16 21 36 22
38x45: 52 41 49 40 52 32
43x50: 48 56 58 70 47 52
37x35: 20 25 15 27 27 18
39x36: 23 31 25 21 29 26
39x46: 36 34 24 28 43 29
40x50: 63 42 49 64 50 41
49x49: 33 41 54 46 41 41
48x36: 33 41 49 47 45 51
41x41: 43 41 44 41 43 47
42x38: 23 26 34 29 28 28
40x35: 26 21 32 24 16 23
49x41: 31 34 38 38 41 25
49x50: 42 48 40 41 43 42
37x35: 35 31 27 33 29 43
46x42: 55 41 56 48 50 50
43x44: 33 40 29 34 32 27
40x46: 31 29 34 44 29 27
46x40: 44 58 44 49 37 50
39x37: 33 25 22 23 26 26
36x48: 26 35 31 34 34 32
44x41: 30 28 25 32 33 33
40x35: 37 34 33 39 32 40
37x37: 28 20 31 24 26 15
41x37: 36 33 41 43 41 40
50x42: 59 58 53 55 47 52
36x45: 44 38 39 42 42 44
38x36: 35 33 47 31 32 36
48x38: 40 42 54 52 51 43
44x43: 49 52 50 41 48 52
43x41: 26 37 27 28 28 35
46x35: 49 40 34 31 45 48
41x36: 33 32 39 37 46 40
44x39: 39 43 45 39 56 42
50x36: 57 47 40 35 37 61
50x48: 49 49 46 45 40 26
37x48: 31 54 34 58 47 44
40x47: 16 35 38 43 30 32
38x48: 57 29 60 38 47 55
36x43: 39 34 39 45 44 37
46x50: 36 29 38 40 49 47
47x42: 27 32 42 30 32 46
45x49: 45 34 37 43 41 39
40x48: 55 47 48 41 52 53
35x48: 34 30 29 30 26 26
48x43: 50 55 48 53 58 52
49x35: 44 39 43 43 41 54
45x49: 63 54 48 56 63 54
43x50: 47 69 59 54 45 57
36x44: 27 29 16 21 39 35
45x50: 52 54 56 53 68 62
40x40: 48 21 28 22 28 22
48x37: 45 50 34 45 46 50
42x41: 33 28 30 28 38 25
35x35: 30 28 37 37 33 25
35x35: 26 17 25 23 14 15
40x36: 33 41 39 35 39 35
36x43: 37 38 36 49 39 38
36x39: 31 27 41 36 37 45
46x42: 34 25 38 39 34 40
48x39: 54 57 37 58 47 33
38x46: 24 20 31 34 34 37
43x46: 47 49 47 63 42 55
38x39: 37 40 38 37 38 38
42x43: 29 35 24 35 39 33
43x47: 59 51 58 41 56 49
36x47: 43 51 41 47 41 37
41x40: 28 26 25 29 37 24
47x35: 27 38 23 21 34 21
41x39: 28 28 33 18 37 24
35x41: 47 36 38 28 36 38
45x46: 64 45 42 58 61 47
45x46: 62 39 50 60 49 59
38x39: 42 45 38 43 36 25
48x50: 46 39 48 35 38 49
38x49: 44 68 51 52 35 37
35x50: 40 46 46 43 46 48
47x35: 32 31 28 28 23 23
42x39: 32 51 39 38 36 54
35x43: 18 25 21 29 41 20
42x44: 42 50 34 47 52 55
49x44: 55 56 56 59 52 54
39x39: 25 25 26 27 36 29
48x38: 49 54 39 57 40 40
38x49: 39 35 53 63 47 50
38x36: 33 34 34 32 38 39
36x39: 23 29 27 22 24 30
48x42: 32 43 33 39 33 44
35x48: 23 27 39 29 25 32
47x46: 27 42 35 39 48 34
35x44: 40 46 39 35 38 39
37x48: 30 32 32 41 29 28
46x42: 37 35 31 33 39 34
47x49: 37 37 41 45 29 50
48x49: 58 52 61 54 67 70
37x46: 48 32 44 48 42 49
36x45: 36 31 42 49 45 46
40x42: 42 41 37 48 42 47
35x39: 29 37 33 28 49 33
43x45: 37 30 40 42 23 38
43x47: 49 42 63 51 48 61
42x36: 33 33 49 39 31 50
50x49: 66 56 53 65 71 64
40x50: 44 38 34 33 30 29
44x38: 41 32 53 50 47 37
39x46: 53 47 31 35 56 51
40x50: 49 54 38 55 57 51
36x50: 34 50 45 57 46 43
45x44: 31 27 36 31 41 43
42x50: 38 30 45 37 41 32
41x40: 45 25 42 43 46 52
35x45: 23 26 38 26 27 24
45x39: 35 36 49 56 54 40
37x42: 42 37 38 39 37 46
43x39: 39 51 44 47 37 40
47x39: 48 55 46 41 50 42
40x47: 37 49 52 47 54 50
40x40: 26 28 31 23 32 29
41x44: 51 41 48 47 52 40
35x43: 32 44 32 36 48 37
40x37: 27 26 23 28 23 28
44x42: 42 26 30 29 35 34
46x38: 49 54 53 35 52 29
37x36: 35 35 33 39 28 35
48x40: 55 43 65 44 40 54
42x39: 37 54 33 42 47 36
37x42: 49 41 37 42 44 27
37x50: 47 51 48 48 42 49
40x42: 39 40 32 57 56 31
40x45: 45 45 50 59 43 36
40x46: 32 27 35 37 34 29
50x41: 44 34 31 40 39 20
40x46: 46 46 57 42 48 47
40x39: 29 29 30 24 27 29
43x49: 38 33 42 37 36 38
37x50: 38 45 46 56 50 48
48x46: 41 37 32 35 50 44
50x45: 55 40 39 38 38 29
36x42: 24 25 31 30 25 32
35x42: 32 36 42 27 45 45
35x49: 29 35 31 27 24 30
48x41: 24 32 38 39 41 33
35x40: 32 31 35 33 40 44
46x35: 22 21 20 29 36 36
39x48: 27 36 39 39 38 29
48x50: 64 71 58 51 66 59
47x35: 40 47 32 49 45 37
46x47: 55 66 45 48 53 63
37x50: 26 36 34 28 34 33
41x46: 53 46 58 52 47 38
44x41: 39 30 29 22 34 27
40x39: 33 28 30 35 24 18
37x40: 23 27 27 30 30 19
47x36: 43 45 45 50 39 39
41x47: 58 36 46 60 51 46
39x40: 38 31 43 33 52 44
38x47: 41 49 52 50 41 43
43x39: 33 34 28 31 28 28
49x42: 37 31 43 32 48 32
42x43: 42 47 62 42 50 39
38x43: 35 42 53 43 38 43
45x38: 51 55 46 38 41 34
47x40: 34 37 33 24 31 36
37x44: 35 31 17 25 31 28
41x38: 24 28 30 34 16 23
40x46: 54 40 49 59 32 51
50x40: 48 55 39 54 54 54
37x42: 36 38 37 43 43 41
48x37: 57 40 34 44 47 50
47x48: 42 39 33 39 48 39
40x38: 30 27 23 24 23 29
42x45: 48 53 63 46 43 42
37x39: 23 24 27 21 30 30
49x47: 60 55 57 58 61 63
49x42: 34 35 40 38 45 32
48x50: 48 51 44 47 36 30
35x41: 25 35 14 22 26 20
47x39: 43 41 59 54 39 49
37x41: 42 42 38 35 32 45
38x36: 29 46 32 40 25 37
45x35: 22 25 27 33 34 24
45x43: 34 38 26 33 29 49
45x37: 36 25 22 32 34 31
47x50: 54 66 57 54 71 58
36x39: 25 17 39 27 29 19
39x37: 27 33 23 30 22 21
40x37: 17 31 31 22 30 24
37x47: 30 24 36 35 28 26
48x45: 40 39 27 43 44 46
35x46: 37 33 47 36 48 48
49x47: 34 39 43 37 43 43
50x39: 30 32 36 37 33 39
39x48: 62 40 44 46 41 56
40x49: 34 23 37 43 40 31
49x40: 37 25 41 36 25 43
48x41: 59 37 60 50 48 53
39x41: 37 48 39 49 42 30
37x46: 44 32 54 43 46 46
41x37: 29 42 34 41 38 47
41x43: 43 44 51 42 52 41
35x41: 23 22 20 23 26 29
47x49: 56 60 55 59 60 63
47x42: 34 27 36 37 32 44
43x47: 29 36 33 31 40 41
47x45: 53 53 63 48 52 59
44x41: 26 37 31 37 27 24
50x39: 52 47 48 45 56 52
49x42: 45 51 64 57 51 51
49x36: 52 33 36 47 55 47
49x47: 45 37 44 37 42 35
47x41: 37 39 27 29 30 32
39x37: 22 30 25 28 24 27
48x49: 63 68 52 54 59 64
39x40: 33 44 39 44 29 50
41x35: 33 31 42 41 42 33
38x45: 30 41 42 52 52 44
36x36: 37 30 36 33 34 31
35x48: 40 26 25 33 23 29
40x49: 43 59 47 44 52 55
35x49: 22 30 34 33 33 23
46x41: 44 46 53 42 50 56
43x39: 30 27 33 37 33 21
36x46: 34 28 34 24 33 27
45x49: 42 37 46 37 40 37
46x39: 44 39 50 44 48 52
41x49: 31 37 30 32 34 43
41x39: 40 48 41 38 40 39
42x38: 39 32 35 47 49 42
49x43: 59 48 54 54 64 46
36x43: 29 25 39 23 21 31
45x41: 35 27 40 27 28 38
45x46: 65 51 45 54 58 45
36x42: 27 23 23 35 36 24
40x45: 51 39 57 49 41 44
41x38: 30 28 20 26 18 33
48x39: 38 30 34 33 30 42
42x41: 40 29 34 29 25 25
41x40: 30 33 27 24 27 28
45x45: 46 51 56 56 57 46
37x44: 38 42 41 37 50 42
41x37: 27 37 16 27 22 27
38x43: 41 33 47 49 46 37
38x41: 24 21 30 33 21 27
49x41: 49 52 55 51 51 52
47x50: 47 51 35 43 29 35
49x39: 52 44 43 49 52 53
48x45: 47 43 32 40 38 39
48x48: 52 58 64 65 61 55
43x46: 63 57 35 51 43 53
38x46: 48 54 46 41 42 39
48x49: 65 64 65 56 62 52
46x49: 45 40 40 44 36 35
36x41: 39 42 46 31 34 38
47x36: 27 40 60 47 44 45
37x50: 27 39 26 37 36 27
50x35: 26 29 24 34 29 33
47x48: 44 46 29 31 53 37
36x35: 26 23 19 29 16 18
46x42: 60 48 57 38 48 50
41x47: 33 29 33 44 24 32
40x43: 38 50 55 42 45 37
41x47: 27 46 29 27 37 28
40x45: 48 45 48 43 42 52
39x43: 28 27 36 39 22 30
42x46: 34 37 29 42 33 34
35x49: 55 31 52 50 43 37
49x50: 64 66 65 70 58 55
44x42: 60 53 46 31 50 46
36x40: 28 27 21 34 25 21
39x49: 46 49 53 57 47 43
42x46: 49 56 52 50 39 52
36x43: 29 22 26 28 24 39
45x38: 31 28 36 28 28 29
37x39: 30 25 33 24 17 26
37x40: 36 39 42 33 36 43
40x35: 41 38 27 36 38 34
46x45: 51 39 51 53 65 59
35x41: 21 24 26 16 32 24
47x39: 44 35 27 27 33 28
42x44: 36 34 26 25 39 36
49x41: 50 68 34 53 54 45
49x41: 51 52 47 47 58 53
44x44: 32 42 24 33 34 31
49x37: 33 30 30 39 29 30
40x50: 30 32 33 38 38 36
36x38: 25 25 27 19 25 23
50x36: 33 30 24 37 38 30
43x48: 57 52 59 57 48 47
37x42: 23 25 33 30 26 30
37x37: 43 34 24 24 41 43
47x43: 26 30 42 32 43 36
37x44: 35 29 30 16 32 26
40x47: 30 24 43 36 34 28
37x36: 19 28 18 29 28 21
48x47: 43 31 47 48 37 34
35x41: 26 26 17 26 23 24
50x42: 60 52 49 54 54 54
45x37: 39 39 50 39 35 56
36x44: 35 25 26 32 23 27
45x35: 39 36 42 46 39 41
37x43: 19 30 31 31 29 27
45x37: 27 23 30 24 34 41
44x50: 45 27 32 41 49 30
48x36: 29 38 30 32 31 31
42x47: 32 31 43 36 38 30
38x38: 29 22 26 25 23 18
36x41: 29 28 27 27 20 25
44x44: 45 55 58 42 55 45
37x43: 18 25 31 36 22 35
42x36: 24 27 27 33 30 26
43x38: 37 24 24 32 28 23
47x38: 46 42 46 50 42 49
50x44: 60 50 52 73 55 48
37x41: 25 23 25 25 19 39
44x49: 30 39 46 49 30 30
39x44: 51 32 47 55 44 37
46x41: 33 34 36 29 29 34
37x44: 30 28 20 28 32 30
39x49: 43 27 38 34 33 33
47x38: 36 29 29 26 38 22
43x43: 44 53 54 41 52 42
48x44: 41 70 70 51 49 47
45x47: 30 38 31 39 44 42
39x49: 35 36 36 35 29 37
42x44: 34 34 32 40 21 34
38x43: 21 31 21 29 34 31
37x37: 30 49 35 35 31 30
38x40: 18 24 37 19 25 32
38x40: 28 41 34 46 48 34
44x48: 65 52 51 56 42 60
46x44: 42 29 38 29 35 37
42x35: 35 38 41 53 33 27
47x44: 45 31 26 30 36 42
46x39: 56 54 37 42 44 42
44x41: 47 46 36 45 46 55
45x50: 35 47 33 41 41 43
43x38: 35 51 39 36 36 53
48x46: 27 49 47 37 47 33
49x40: 40 34 33 39 29 33
40x40: 30 32 29 27 27 24
50x40: 62 46 46 50 57 47
41x37: 33 35 33 36 57 37
35x41: 20 24 17 28 20 34
38x37: 36 32 44 38 35 34
42x47: 55 49 49 58 50 43
48x44: 43 39 42 30 34 35
37x49: 49 45 48 43 49 46
35x38: 35 34 31 37 34 33
40x42: 27 33 25 39 27 30
44x40: 48 42 43 44 47 47
39x45: 26 29 39 28 27 46
46x48: 39 42 28 35 45 50
47x50: 73 65 58 57 58 52
35x50: 35 31 28 23 32 27
38x45: 41 48 47 30 54 44
47x44: 51 49 56 56 48 59
41x45: 51 58 45 37 44 49
44x43: 24 38 33 28 38 34
47x45: 50 49 51 52 59 63
43x44: 52 44 59 46 47 47
35x37: 31 44 39 33 27 27
45x48: 38 42 42 35 42 41
49x47: 39 46 43 42 28 41
38x46: 34 34 27 27 26 32
47x50: 37 42 35 42 48 35
37x36: 21 20 16 24 30 32
50x44: 58 60 56 57 59 49
41x37: 28 35 46 50 38 37
36x48: 38 44 47 52 41 44
49x37: 45 44 46 52 52 40
35x40: 30 34 20 11 24 23
50x38: 39 42 51 46 62 52
48x50: 41 44 48 43 38 42
48x41: 57 36 58 57 47 51
40x43: 34 24 32 29 37 26
41x36: 49 36 28 32 47 34
49x47: 40 42 50 34 41 32
45x50: 38 42 44 32 38 45
39x45: 43 45 48 27 51 57
44x49: 38 31 34 42 43 35
41x45: 35 39 27 35 34 25
39x46: 47 39 52 44 48 48
44x40: 34 39 47 55 42 53
40x39: 35 53 34 46 36 34
43x48: 45 44 54 58 62 54
46x42: 50 46 51 46 55 50
43x39: 42 47 43 36 43 47
45x44: 25 42 36 38 30 39
48x47: 71 57 57 64 43 57
45x38: 32 33 27 33 30 24
37x47: 29 25 27 27 39 33
36x46: 27 36 30 36 22 28
45x36: 46 40 34 40 40 48
42x47: 43 31 35 32 36 32
47x45: 48 32 34 27 53 31
50x43: 56 33 72 62 62 51
38x37: 25 22 14 20 33 30
48x49: 68 60 67 55 64 51
49x46: 42 39 44 38 35 41
39x43: 31 20 31 34 33 33
42x42: 41 48 41 38 41 61
48x35: 30 25 34 24 28 34
40x45: 36 46 40 59 43 50
40x45: 21 36 32 35 38 32
43x35: 36 47 40 42 33 34
48x42: 41 29 46 37 35 36
40x49: 31 35 34 27 39 41
35x42: 39 29 17 24 20 24
46x49: 55 65 63 53 57 55
35x35: 20 14 20 30 12 24
42x41: 23 36 27 37 25 34
45x50: 52 65 69 56 46 61
47x41: 32 30 32 33 42 25
39x48: 36 40 30 33 33 36
48x36: 38 44 47 39 51 47
47x38: 31 32 31 27 34 24
48x44: 51 51 62 58 44 61
45x35: 41 47 31 40 43 38
45x40: 48 39 58 50 48 38
40x46: 35 50 55 41 44 59
38x44: 40 43 35 40 47 50
49x44: 41 34 36 28 37 48
44x38: 23 31 21 32 29 32
37x46: 39 39 42 48 40 53
37x41: 40 31 43 41 38 42
39x42: 34 42 38 45 44 47
50x46: 57 71 59 53 60 54
40x42: 37 27 38 26 27 27
44x50: 44 33 34 35 37 41
40x44: 36 26 31 25 28 36
47x35: 37 32 37 56 47 42
48x38: 44 42 66 38 43 53
39x39: 32 28 24 25 26 33
50x50: 55 41 37 46 36 41
36x35: 16 29 20 27 18 21
47x39: 39 58 40 46 54 42
38x43: 32 30 24 19 29 33
41x40: 38 39 35 43 45 50
47x50: 37 37 42 43 42 38
37x50: 28 40 30 35 31 27
42x37: 33 37 42 44 41 42
35x49: 34 46 41 41 53 47
39x39: 32 46 31 37 49 36
35x46: 28 37 23 22 27 28
43x44: 29 34 28 44 31 29
40x41: 17 34 28 30 27 32
37x36: 24 40 31 35 40 33
36x37: 23 23 16 24 30 28
48x43: 58 60 54 43 52 52
38x36: 26 20 25 18 26 29
50x42: 35 30 35 42 45 36
48x44: 46 27 39 40 26 46
50x45: 70 49 50 56 51 70
41x43: 45 48 43 43 45 47
38x39: 25 33 18 26 23 31
46x50: 57 78 52 51 61 53
36x39: 26 28 21 22 21 37
35x43: 37 38 29 47 35 43
36x39: 38 35 44 34 35 33
40x49: 35 23 44 31 46 29
44x42: 25 39 36 32 27 36
37x45: 42 41 38 40 44 50
49x41: 45 30 32 30 37 33
48x43: 40 31 36 39 45 32
41x49: 64 48 40 55 50 51
44x37: 36 44 32 38 46 51
47x43: 36 35 38 40 29 31
35x36: 26 17 21 15 30 22
45x42: 56 58 52 33 49 45
48x43: 32 40 28 39 45 40
39x46: 29 44 33 38 29 21
36x47: 31 34 28 25 30 32
36x48: 32 27 39 29 28 36
46x44: 33 32 24 38 43 40
38x43: 39 44 51 47 37 36
38x37: 25 23 28 21 21 25
35x41: 38 35 36 41 37 34
39x35: 43 34 33 36 31 34
43x39: 37 37 27 22 25 34
50x40: 43 58 56 52 50 49
43x35: 23 26 26 26 29 23
45x38: 36 54 47 39 41 46
43x41: 41 59 46 43 42 40
43x36: 46 42 46 33 38 36
49x36: 35 29 30 30 39 28
36x36: 29 22 22 23 26 22
46x50: 63 66 43 59 62 57
39x42: 30 38 30 19 21 44
35x42: 37 39 44 33 35 40
35x40: 24 30 18 23 28 20
39x50: 41 34 34 24 41 34
46x39: 45 44 59 54 40 38
35x45: 28 21 28 29 32 26
39x40: 32 31 26 28 35 17
47x43: 31 38 30 38 36 36
48x38: 50 45 53 58 37 40
38x37: 20 23 27 18 39 17
46x36: 31 32 26 31 30 30
46x39: 50 40 61 42 47 41
49x38: 53 62 43 35 44 49
40x43: 49 33 52 39 44 51
47x35: 38 18 25 27 30 26
41x42: 45 52 47 38 42 42
36x46: 36 54 52 35 36 44
40x37: 35 38 26 36 47 42
44x39: 31 30 28 34 33 25
42x41: 54 41 52 43 40 39
41x39: 30 26 26 33 34 20
46x39: 52 46 42 44 43 49
44x49: 42 36 23 45 39 39
41x38: 23 25 26 20 28 33
47x47: 41 40 28 35 39 41
45x44: 44 56 54 61 42 48
37x49: 49 44 62 41 44 44
41x40: 42 54 43 40 42 32
37x44: 34 31 22 17 28 35
50x41: 51 52 44 64 53 49
39x38: 17 18 28 36 30 27
48x48: 46 41 38 40 43 48
37x49: 35 41 31 21 33 30
46x50: 54 54 58 60 61 66
37x43: 27 23 28 27 31 31
39x50: 53 54 54 39 53 49
48x39: 45 22 38 29 38 36
43x42: 31 30 36 34 30 35
38x44: 24 23 25 33 31 32
50x35: 35 30 22 29 34 25
41x42: 33 33 27 26 33 29
36x37: 30 34 36 40 31 34
48x37: 36 29 34 20 34 39
41x43: 27 32 30 42 28 22
45x44: 51 48 41 55 57 50
45x40: 48 49 44 43 33 60
36x38: 34 44 36 30 32 35
49x39: 31 29 33 32 47 35
40x43: 37 54 48 42 40 44
48x43: 40 40 34 40 40 30
37x36: 23 28 24 23 26 20
39x47: 27 32 30 36 40 29
42x47: 51 46 50 57 50 50
43x50: 34 34 38 27 48 42
44x38: 20 23 31 34 30 29
49x36: 48 49 48 47 41 40
43x38: 35 21 33 25 27 27
37x42: 28 32 30 31 22 25
38x42: 41 38 45 46 41 36
42x43: 35 25 23 45 37 30
41x36: 26 34 35 20 23 18
49x43: 52 55 50 55 65 46
49x37: 28 30 41 33 26 33
43x40: 44 25 21 24 32 35
48x45: 54 62 43 70 44 56
44x37: 34 33 29 32 18 21
44x45: 49 46 48 55 62 44
45x36: 38 28 20 29 30 34
39x50: 30 42 32 30 37 36
42x50: 32 40 39 41 41 31
46x41: 42 57 64 48 51 32
46x38: 34 23 28 30 33 32
38x49: 49 47 52 56 40 44
49x49: 46 43 41 42 39 45
41x50: 51 55 44 40 64 59
42x40: 24 37 31 31 31 27
39x47: 45 49 44 45 44 54
47x37: 30 37 30 32 25 26
38x47: 27 32 31 26 32 32
47x42: 36 25 47 31 35 36
50x43: 47 41 25 32 35 43
50x50: 70 68 65 60 64 59
40x50: 45 51 44 52 66 47
39x48: 49 40 54 46 46 55
35x48: 34 27 35 34 25 20
39x43: 38 44 45 47 43 41
41x48: 52 50 42 57 53 47
44x44: 51 47 55 46 48 53
40x35: 37 36 26 27 46 41
49x38: 42 33 30 25 29 33
35x43: 37 41 30 35 35 51
49x43: 40 41 34 34 43 31
47x44: 50 26 32 40 32 29
36x37: 22 22 27 17 31 25
35x48: 35 43 51 48 35 48
42x44: 57 44 51 43 48 44
39x39: 29 30 21 35 26 28
50x40: 23 32 37 45 34 37
44x38: 32 25 26 34 26 25
49x39: 35 35 29 47 26 36
50x37: 56 37 50 57 43 44
48x41: 39 50 46 54 63 48
48x37: 36 33 30 28 28 36
37x38: 35 40 31 38 32 39
39x46: 32 36 36 24 36 30
37x36: 15 27 26 20 30 26
50x48: 57 57 72 51 64 71
39x50: 35 38 31 30 33 40
47x42: 36 54 61 54 49 51
40x39: 37 41 40 32 45 45
36x47: 36 23 24 29 37 31
37x45: 47 43 39 41 40 46
35x36: 33 27 39 43 31 23
35x44: 27 27 26 28 30 16
44x45: 36 33 39 37 35 29
36x37: 41 27 33 40 32 33
35x40: 38 32 36 31 35 44
44x37: 33 38 44 56 34 45
40x40: 28 35 28 17 29 32
41x42: 55 41 35 44 51 38
37x35: 32 30 35 42 33 28
47x35: 44 47 37 43 39 42
38x40: 38 30 39 44 38 45
45x49: 42 44 42 41 34 37
49x50: 45 36 38 47 46 43
44x50: 35 37 36 32 42 41
36x47: 38 28 30 35 25 23
39x42: 45 44 50 39 40 37
50x41: 37 39 35 33 28 35
47x40: 45 39 45 55 61 43
43x41: 51 37 54 44 44 45
39x43: 46 35 47 41 49 42
48x38: 27 31 34 36 34 30
49x49: 33 44 41 46 40 52
39x38: 49 38 25 41 32 41
43x44: 52 49 49 44 51 47
47x49: 44 41 37 35 38 44
35x48: 27 34 31 31 25 28
46x49: 55 52 66 58 62 56
37x35: 30 34 37 32 28 39
40x42: 35 27 27 32 22 38
46x35: 22 31 18 26 28 39
38x48: 34 39 35 26 31 27
38x41: 43 29 52 32 41 47
41x37: 28 36 49 35 40 47
39x35: 34 44 28 38 34 30
50x35: 38 33 28 24 25 28
47x35: 41 46 41 38 50 37
40x49: 29 35 35 37 31 41
44x39: 40 39 20 28 30 24
50x45: 49 49 51 32 22 37
39x49: 25 30 34 43 42 33
41x48: 27 44 27 40 37 33
38x45: 46 50 41 49 40 37
47x40: 29 37 32 38 32 26
49x48: 47 45 44 48 38 34
50x47: 47 40 40 36 40 37
48x36: 32 37 26 37 37 23
49x50: 69 56 63 63 65 62
42x43: 51 46 44 42 46 49
38x38: 37 38 39 35 38 36
43x49: 41 59 42 51 62 64
46x38: 26 32 27 28 32 35
41x44: 59 49 47 44 33 48
40x43: 22 29 31 36 27 37
36x40: 31 36 37 48 31 38
46x36: 32 31 26 28 35 27
50x35: 31 47 46 45 52 47
41x38: 44 41 41 45 32 38
40x42: 39 29 26 29 33 26
40x45: 28 37 34 29 34 32
38x41: 21 26 26 28 21 33
43x44: 49 50 61 44 54 37
37x48: 40 47 46 50 50 40
36x48: 40 47 56 44 36 46
38x43: 26 24 24 31 28 34
50x41: 35 29 51 33 39 21
36x48: 36 40 31 27 29 28
35x39: 19 24 29 22 27 22
50x38: 44 43 60 57 48 43
45x45: 57 64 60 45 40 49
41x48: 36 41 64 54 60 50
50x35: 23 26 32 24 41 29
50x49: 45 42 33 57 45 34
41x37: 25 24 17 33 28 29
43x37: 33 29 23 31 24 28
46x47: 35 43 33 33 42 38
49x36: 50 43 40 52 43 43
42x38: 32 23 27 35 25 26
50x50: 61 61 62 73 63 64
42x37: 38 44 39 40 35 43
42x45: 56 50 52 50 34 51
36x48: 38 48 36 45 52 44
40x49: 39 52 46 48 67 47
48x49: 43 37 51 47 36 41
38x36: 29 21 28 21 21 24
45x39: 29 30 35 41 29 30
48x48: 59 50 67 61 60 60
40x43: 29 32 37 30 28 25
46x43: 44 43 28 36 21 37
41x49: 28 42 34 39 25 39
41x46: 26 33 38 31 31 35
36x50: 39 29 37 30 30 26
43x49: 44 38 42 34 29 37
47x48: 72 74 46 52 55 47
41x35: 23 32 29 20 20 18
41x37: 21 17 30 23 32 32
50x47: 55 71 57 49 66 62
43x40: 36 30 26 23 40 26
50x41: 46 31 33 38 29 30
47x44: 35 37 41 27 39 31
36x35: 23 17 22 25 23 21
44x48: 36 40 35 31 36 46
40x48: 50 55 47 41 58 44
43x50: 60 53 56 43 63 57
47x37: 36 48 50 48 44 42
39x36: 19 19 27 32 30 28
45x48: 66 53 52 45 63 54
49x49: 73 52 68 56 69 55
49x35: 20 30 25 36 35 30
41x46: 30 24 36 39 31 35
46x44: 40 25 41 37 36 31
50x37: 34 35 25 29 36 32
40x37: 22 26 26 31 22 29
49x36: 43 43 54 42 48 44
38x50: 24 31 31 32 31 42
38x42: 33 27 26 30 33 18
36x39: 38 35 30 37 33 42
39x40: 39 24 24 32 23 27
40x42: 34 34 28 30 32 23
47x36: 39 27 31 32 24 26
45x40: 40 61 48 43 35 50
36x43: 35 43 54 35 37 38
37x45: 28 38 36 23 21 33
38x49: 48 46 48 47 43 55
44x40: 51 36 49 47 48 42
44x35: 29 26 15 32 23 28
38x49: 33 26 32 35 31 34
45x43: 28 41 31 39 31 39
49x44: 63 58 45 50 47 67
37x36: 24 32 31 24 13 20
42x42: 45 48 40 36 49 52
39x45: 48 43 43 47 39 50
39x45: 27 30 24 44 38 32
38x50: 37 36 28 27 29 35
37x45: 46 41 53 45 39 36
36x48: 30 39 27 33 28 34
47x39: 49 49 38 55 39 50
39x46: 39 34 34 26 35 26
37x43: 39 40 42 39 47 38
47x44: 32 34 37 39 34 33
38x40: 26 24 27 28 32 18
42x43: 39 24 35 34 31 33
37x47: 49 44 40 51 32 51
46x36: 28 26 29 28 29 40
45x35: 25 19 29 30 28 33
49x47: 53 76 53 52 53 65
47x36: 61 41 39 40 34 47
40x39: 43 40 37 46 36 38
47x50: 61 56 53 60 67 63
40x45: 41 32 26 35 33 28
37x35: 36 36 23 30 36 36
40x44: 44 58 35 42 43 46
45x41: 54 47 47 47 41 49
35x41: 50 32 34 34 32 40
41x35: 41 47 38 27 39 30
48x36: 32 26 39 25 43 26
41x46: 49 42 47 51 54 47
50x43: 51 44 61 54 55 67
47x47: 56 72 60 62 39 52
36x44: 50 37 43 42 41 33
38x46: 57 41 48 40 46 40
45x48: 42 41 39 39 44 35
46x43: 33 30 31 36 45 35
43x48: 32 45 27 42 48 30
37x42: 32 27 26 28 29 26
45x40: 51 44 54 42 44 45
50x35: 48 49 48 47 44 35
42x39: 40 50 42 39 42 39
39x46: 29 37 39 26 33 30
40x49: 44 57 40 56 54 47
40x49: 45 58 47 44 58 48
37x39: 39 38 35 46 30 34
48x36: 42 40 41 51 46 45
47x44: 64 45 50 45 54 61
50x36: 45 41 46 55 36 54
46x47: 34 37 37 35 38 43
50x50: 45 35 42 55 42 37
48x35: 42 54 38 49 42 32
49x37: 32 28 35 42 34 21
48x46: 62 55 61 48 61 55
44x42: 28 35 33 43 32 24
45x38: 39 49 52 43 44 38
50x48: 66 47 68 60 62 69
35x48: 34 33 37 27 30 15
40x45: 19 35 34 30 42 34
46x38: 40 40 50 41 53 46
44x43: 54 40 45 45 64 43
42x44: 30 26 33 32 41 34
39x42: 30 25 36 42 18 31
39x47: 51 44 41 41 54 50
43x44: 30 32 37 31 37 28
36x37: 24 33 19 25 21 22
35x38: 32 35 36 38 32 32
39x46: 43 48 60 45 41 43
47x45: 54 64 45 60 59 41
36x44: 30 27 23 24 25 38
37x48: 28 34 38 43 28 20
49x46: 52 75 61 59 50 50
41x49: 46 29 28 38 31 35
46x45: 43 60 59 54 52 51
38x41: 34 42 43 43 40 38
39x41: 25 30 31 27 26 29
41x47: 46 46 55 51 47 53
41x40: 43 48 29 45 36 48
50x40: 36 23 53 30 32 34
41x38: 23 23 16 27 34 33
40x44: 33 39 23 31 28 27
35x40: 28 24 18 23 28 22
39x49: 55 41 45 52 52 49
41x46: 34 39 41 26 24 31
35x42: 25 15 26 28 30 29
45x42: 37 37 31 33 39 32
50x41: 54 61 39 59 52 47
37x45: 34 31 31 28 29 27
35x48: 35 53 41 44 41 43
42x48: 41 39 32 31 43 37
41x49: 41 55 69 52 49 47
36x47: 32 44 40 24 17 23
42x44: 35 37 32 37 28 27
